# This file was generated by DielectricPlanar on Wed, May 28 2025 at 00:27:56 
# 
# DielectricPlanar is part of MAICoS v0.7.2
# 
# Command line:    epsilon_script.py 
# Module input:    DielectricPlanar(atomgroups, dim=2, zmin=None, zmax=None, bin_width=0.5, refgroup=None, is_3d=False, sym=False, vac=False, unwrap=True, temperature=300, output_prefix='eps', concfreq=0, vcutwidth=0.1).run((start=None, stop=None, step=None, verbose=None))
# 
# Statistics over 7084167 frames
# 
# Considered atomgroups:
#   (1) HW 6958 & MW 3479 & OW 3479
# 
# 
# 
#      position [Å]       |      ε^-1_⟂ - 1 (1)      |       Δε^-1_⟂ (1)        |   self ε^-1_⟂ - 1 (1)    |   coll. ε^-1_⟂ - 1 (1)   
-2.984999999999103792e+01  -0.000000000000000000e+00   0.000000000000000000e+00  -0.000000000000000000e+00  -0.000000000000000000e+00 
-2.954999999995761328e+01  -0.000000000000000000e+00   0.000000000000000000e+00  -0.000000000000000000e+00  -0.000000000000000000e+00 
-2.925000000000000000e+01  -0.000000000000000000e+00   0.000000000000000000e+00  -0.000000000000000000e+00  -0.000000000000000000e+00 
-2.895000000006820784e+01  -0.000000000000000000e+00   0.000000000000000000e+00  -0.000000000000000000e+00  -0.000000000000000000e+00 
-2.865000000016803483e+01  -0.000000000000000000e+00   0.000000000000000000e+00  -0.000000000000000000e+00  -0.000000000000000000e+00 
-2.834999999979456220e+01  -2.973871215893510319e-04   8.986786450807984067e-05  -2.932866122442005655e-04  -4.100509345148590201e-06 
-2.805000000021279405e+01  -1.695246128009552100e-01   3.327224751089627279e-03  -1.846873097308177059e-01   1.516269692385294882e-02 
-2.775000000000000000e+01  -1.131175008934264703e+00   2.279415814595550302e-02  -1.365989432718533125e+00   2.348144237345025642e-01 
-2.744999999969368432e+01  -2.170710669097513534e+00   6.486249154326323429e-02  -3.142910394192007573e+00   9.721997240438929877e-01 
-2.714999999993373692e+01  -1.778691067984746965e+00   1.369481933753304848e-01  -9.792432627844378956e+00   8.013741559812096682e+00 
-2.685000000018976607e+01  -5.670833729528599321e-01   8.409451064004561105e-02  -2.344350154154453492e+01   2.287641816912695347e+01 
-2.655000000043702357e+01  -8.360238645476262276e-01   4.389322735604336140e-02  -2.518172942528141789e+01   2.434570556071901493e+01 
-2.625000000000000000e+01  -1.329264799823359322e+00   9.664828570268994834e-02  -2.161058026438472623e+01   2.028131546545269259e+01 
-2.594999999978707450e+01  -1.500173303984793316e+00   9.755808540615537594e-02  -1.754570334779636909e+01   1.604553004448906250e+01 
-2.564999999975164968e+01  -1.227821688849202397e+00   6.752698281928087853e-02  -1.442980626761870155e+01   1.320198457817935278e+01 
-2.535000000042563784e+01  -9.123002421405433937e-01   3.394900061992928153e-02  -1.259580671149179310e+01   1.168350646943508231e+01 
-2.505000000025948026e+01  -7.293092916873699094e-01   2.258061692561866632e-02  -1.243656338848104070e+01   1.170725409656199112e+01 
-2.475000000000000000e+01  -6.396779775029149961e-01   5.887825081553576395e-02  -1.330566630599280131e+01   1.266598832816961817e+01 
-2.445000000005556018e+01  -7.058605959640527061e-01   7.369741855334731306e-02  -1.483930700618839715e+01   1.413344640924813866e+01 
-2.414999999923746543e+01  -8.825519624298798771e-01   4.197157693680843293e-02  -1.791300945021928825e+01   1.703045748786324509e+01 
-2.385000000078728277e+01  -1.259840209187636839e+00   2.772557699176357235e-02  -1.970618673385969899e+01   1.844634652466778846e+01 
-2.354999999956661583e+01  -1.323643151290705422e+00   4.201238569012926555e-02  -1.900850874976223537e+01   1.768486559853988282e+01 
-2.325000000000000000e+01  -1.178012897406078840e+00   3.436681579602206271e-02  -1.776687038931229168e+01   1.658885749200777937e+01 
-2.295000000063421908e+01  -9.887068625727494231e-01   2.372625072438728361e-02  -1.682392751548146492e+01   1.583522065277205115e+01 
-2.264999999907559314e+01  -9.006841525538903381e-01   2.075157293913786408e-02  -1.626465389355650260e+01   1.536396974075734079e+01 
-2.235000000094742489e+01  -8.665350672472799110e-01   2.074845820374024083e-02  -1.593875211278025716e+01   1.507221704528746642e+01 
-2.204999999910869590e+01  -9.158456567541555238e-01   2.055986437416136223e-02  -1.568569224567035825e+01   1.476984658867683109e+01 
-2.175000000000000000e+01  -9.744933916912346117e-01   2.035533650777122255e-02  -1.555392232247317352e+01   1.457942893054422839e+01 
-2.145000000049670419e+01  -1.028038135010108878e+00   2.043564658510602094e-02  -1.565741414150481425e+01   1.462937600625771495e+01 
-2.114999999940404862e+01  -9.972773030079569168e-01   2.079269923660342217e-02  -1.589129410923617947e+01   1.489401680598100519e+01 
-2.085000000059595138e+01  -9.835464505185731454e-01   2.145085465259891425e-02  -1.619497727339346582e+01   1.521143082265219348e+01 
-2.054999999914851827e+01  -9.760752719165929348e-01   2.158988284500821045e-02  -1.651055722829174144e+01   1.553448195616577898e+01 
-2.025000000000000000e+01  -9.685098134396623593e-01   2.111595832692636510e-02  -1.673851711013017507e+01   1.577000729646294985e+01 
-1.995000000097368442e+01  -9.968390173168415469e-01   2.128612124632385527e-02  -1.679483917094444578e+01   1.579800015341048791e+01 
-1.964999999976108569e+01  -1.007118162628876323e+00   2.178392722034250273e-02  -1.664517433856779505e+01   1.563805617573536466e+01 
-1.935000000011347510e+01  -1.026100165369296047e+00   2.158557178729083106e-02  -1.637818227093895374e+01   1.535208210535578743e+01 
-1.904999999863208870e+01  -1.010767816561656263e+00   2.087794190728092802e-02  -1.615926870565309770e+01   1.514850088884649892e+01 
-1.875000000000000000e+01  -9.552356888662942858e-01   2.059961710734835652e-02  -1.602834605943840884e+01   1.507311037032406631e+01 
-1.845000000145252628e+01  -9.524161353418694187e-01   2.077646695231104290e-02  -1.600908543958853159e+01   1.505666930399393166e+01 
-1.815000000044583572e+01  -9.559482592181188787e-01   2.087381858902413040e-02  -1.610871109740787688e+01   1.515276283794167256e+01 
-1.784999999941799587e+01  -9.663864680951421704e-01   2.081838680817241910e-02  -1.622530481612841058e+01   1.525891834778376577e+01 
-1.754999999841488290e+01  -9.807144036629371620e-01   2.079466406501574716e-02  -1.632225058045600363e+01   1.534153617654812507e+01 
-1.725000000000000000e+01  -1.001221468986425833e+00   2.082285543647059006e-02  -1.637760208115333427e+01   1.537638061192173566e+01 
-1.695000000162812626e+01  -1.043372752187521346e+00   2.084185509777855203e-02  -1.639174936951398465e+01   1.534837661708476375e+01 
-1.665000000102638822e+01  -9.891875119808383188e-01   2.081571198332341638e-02  -1.637970410929112930e+01   1.539051659706815478e+01 
-1.634999999886551336e+01  -9.584725871885233506e-01   2.080210279964222336e-02  -1.633400852165163641e+01   1.537553593422112463e+01 
-1.604999999824421764e+01  -9.967100694951067652e-01   2.077968197164783981e-02  -1.630259099353670749e+01   1.530588092379558596e+01 
-1.575000000000000178e+01  -9.808752078026364840e-01   2.075395383634684454e-02  -1.627104926920279837e+01   1.529017406115181643e+01 
-1.545000000183541289e+01  -9.790493009147410719e-01   2.074468359107234719e-02  -1.625127438082873255e+01   1.527222507967251275e+01 
-1.515000000148719295e+01  -9.852640880538419133e-01   2.073647100048549644e-02  -1.623091698301129782e+01   1.524565289471070706e+01 
-1.484999999842407448e+01  -9.912604383780014849e-01   2.073150763488690665e-02  -1.624001915829958520e+01   1.524875871967011420e+01 
-1.454999999809491484e+01  -1.003304425624477636e+00   2.074122365346444882e-02  -1.625301231010126912e+01   1.524970788422969115e+01 
-1.425000000000000178e+01  -9.808052068062599327e-01   2.074893912731559306e-02  -1.627726259899061745e+01   1.529645739194073251e+01 
-1.395000000085149239e+01  -1.026569144048267823e+00   2.076891636605077140e-02  -1.630563746238648548e+01   1.527906831809111132e+01 
-1.365000000099340838e+01  -9.802740854504146117e-01   2.076253972650459259e-02  -1.628947517820652635e+01   1.530920109250923034e+01 
-1.334999999900659162e+01  -9.742489116309396291e-01   2.077185166583256359e-02  -1.629929179223134028e+01   1.532504288035581119e+01 
-1.304999999888371320e+01  -9.901086879662345241e-01   2.076567215384379425e-02  -1.630446354069614756e+01   1.531435485248547756e+01 
-1.275000000000000000e+01  -9.909843582333378587e-01   2.074551486808715040e-02  -1.627174152043951949e+01   1.528075716196016565e+01 
-1.245000000119190275e+01  -1.011895887769929114e+00   2.074300878204021412e-02  -1.627070791299769681e+01   1.525881202497641809e+01 
-1.215000000099403721e+01  -9.870311995856863030e-01   2.074671098418335441e-02  -1.626359805889225996e+01   1.527656685906145739e+01 
-1.184999999829899409e+01  -9.420356859022390728e-01   2.074749027097859064e-02  -1.628172705530946018e+01   1.533969136916110187e+01 
-1.154999999880809725e+01  -9.647851812597116883e-01   2.072994476059062188e-02  -1.625336297864003754e+01   1.528857779713188769e+01 
-1.125000000000000000e+01  -1.013464884692747425e+00   2.076230999801667240e-02  -1.627744323980939711e+01   1.526397835486861432e+01 
-1.095000000123248896e+01  -9.660946874063517376e-01   2.077185751333330069e-02  -1.629307010235288544e+01   1.532697541469785918e+01 
-1.065000000179182038e+01  -9.884255653499474104e-01   2.076242766126196876e-02  -1.628619734915934814e+01   1.529777178356620126e+01 
-1.034999999814453275e+01  -1.001731611008101153e+00   2.074888518525567355e-02  -1.628311601102984696e+01   1.528138439977446161e+01 
-1.004999999905913910e+01  -1.011330923642816293e+00   2.076025277188963541e-02  -1.628635376862509787e+01   1.527502284473498939e+01 
-9.750000000000000000e+00  -9.922613129117067166e-01   2.076802589552712713e-02  -1.629174392449185405e+01   1.529948261133389131e+01 
-9.450000000568330449e+00  -9.343800768658793165e-01   2.074061817126907417e-02  -1.627299634385401106e+01   1.533861626674159417e+01 
-9.150000002554691036e+00  -9.588312986306646302e-01   2.074376749769617223e-02  -1.627071443328415157e+01   1.531188313440325288e+01 
-8.849999997388458439e+00  -9.911908399072379972e-01   2.075467453873254889e-02  -1.628626378399268404e+01   1.529507294383910576e+01 
-8.549999999858002298e+00  -1.029640918944465522e+00   2.076409606300170380e-02  -1.627406119827464792e+01   1.524442027908546393e+01 
-8.250000000000000000e+00  -9.689619336071610967e-01   2.075248008143464051e-02  -1.628215219792154755e+01   1.531319026406422168e+01 
-7.949999999857151778e+00  -9.683951736532123711e-01   2.076436858957834974e-02  -1.628364491149193327e+01   1.531524973759219499e+01 
-7.650000002802162413e+00  -9.784279798671109418e-01   2.076608297620842133e-02  -1.629351014845092394e+01   1.531508216833774050e+01 
-7.349999997155709508e+00  -9.726618980943209092e-01   2.075249729717763142e-02  -1.626521257300506562e+01   1.529255067466600693e+01 
-7.050000000604544681e+00  -9.941604326962804050e-01   2.075386942373803889e-02  -1.627376258074262694e+01   1.527960214779856862e+01 
-6.750000000000000000e+00  -1.002856057445802973e+00   2.075639419221434953e-02  -1.627374833098270557e+01   1.527089227328754184e+01 
-6.449999999178572807e+00  -9.967981364016420542e-01   2.076098886553989775e-02  -1.629121071293987910e+01   1.529441257628994322e+01 
-6.150000003088109679e+00  -1.000190308142506312e+00   2.075539234238946151e-02  -1.627854198985371426e+01   1.527835168146678413e+01 
-5.849999996884395870e+00  -9.740777213890122743e-01   2.076104879958601962e-02  -1.627976322723082703e+01   1.530568550559032914e+01 
-5.550000001229996371e+00  -9.695451058102700914e-01   2.074909731171789562e-02  -1.627706283917676799e+01   1.530751773312272945e+01 
-5.250000000000000000e+00  -9.846123167296109147e-01   2.074477223441124896e-02  -1.628442828913736662e+01   1.529981597216207767e+01 
-4.949999998544146962e+00  -9.795820089408870945e-01   2.076043394238191384e-02  -1.626991725078724116e+01   1.529033524159998514e+01 
-4.650000003196762322e+00  -1.002892350078608885e+00   2.077234245582618502e-02  -1.629226428110162317e+01   1.528937193077514678e+01 
-4.349999996791186874e+00  -9.547292956549578991e-01   2.076385770719766863e-02  -1.629087730566178038e+01   1.533614800976102011e+01 
-4.050000001792248838e+00  -9.704691088395194232e-01   2.073388227386293095e-02  -1.626004510860703078e+01   1.528957599951856317e+01 
-3.750000000000000000e+00  -1.002871614493386243e+00   2.074967764267763790e-02  -1.627500946514066271e+01   1.527213785040410698e+01 
-3.449999997978856925e+00  -1.007640162244934245e+00   2.074125426289593482e-02  -1.626991952272482678e+01   1.526227936023054710e+01 
-3.150000003372877444e+00  -1.002159766368674321e+00   2.075915912195460539e-02  -1.629522050303508252e+01   1.529306073641978614e+01 
-2.849999996606030095e+00  -9.826860985739196419e-01   2.075202566659407194e-02  -1.628352855969827218e+01   1.530084246087539768e+01 
-2.550000002321720416e+00  -9.356712232592676592e-01   2.075236947370357951e-02  -1.628829862881091728e+01   1.535262740530399306e+01 
-2.250000000000000000e+00  -9.890291528445700475e-01   2.077812490948276192e-02  -1.630194691771614757e+01   1.531291776462531473e+01 
-1.949999997473003788e+00  -9.682080230020472245e-01   2.074568927963040682e-02  -1.627063843438859436e+01   1.530243041113716274e+01 
-1.650000003579140895e+00  -9.656483537986981780e-01   2.075756395416735248e-02  -1.629732814390267137e+01   1.533167978985957625e+01 
-1.349999996411096248e+00  -1.030250884780304910e+00   2.075518134465222445e-02  -1.627996567703265640e+01   1.524971479200187119e+01 
-1.050000002760732798e+00  -1.057998322290105930e+00   2.076402746453049133e-02  -1.629640068779564999e+01   1.523840236525755465e+01 
-7.500000000000000000e-01  -9.865826839643233592e-01   2.073952633102077447e-02  -1.626171689553305910e+01   1.527513421132434779e+01 
-4.499999970700052643e-01  -9.539647076409807358e-01   2.075638805914297239e-02  -1.628725355146516307e+01   1.533328884357581323e+01 
-1.500000037310265100e-01  -9.600378303043517469e-01   2.074916439531739390e-02  -1.628301902409709001e+01   1.532298119354523003e+01 
 1.500000037538420372e-01  -9.937669456544451219e-01   2.075939256055261625e-02  -1.628414082191419254e+01   1.529037387601071885e+01 
 4.499999968047205812e-01  -9.764586973700677408e-01   2.076064559876457730e-02  -1.629108189594996858e+01   1.531462319832864694e+01 
 7.500000000000000000e-01  -9.872316406649108700e-01   2.074807598260226468e-02  -1.627620604175580965e+01   1.528897440084591075e+01 
 1.050000003363365408e+00  -1.016884964148028203e+00   2.073557556316658196e-02  -1.626579138701817229e+01   1.524890642262238494e+01 
 1.349999996158455673e+00  -1.018217672582357514e+00   2.075042651715122699e-02  -1.628341610035019116e+01   1.526519842752054323e+01 
 1.650000003861688214e+00  -9.860526846560410119e-01   2.075094920987814728e-02  -1.629134252150756978e+01   1.530528983660180664e+01 
 1.949999996395582968e+00  -9.918496812212410640e-01   2.075764054101704101e-02  -1.626361913560825556e+01   1.527176945413609843e+01 
 2.250000000000000000e+00  -9.822343363317793674e-01   2.077656299391023725e-02  -1.629352934058407598e+01   1.531129500400572496e+01 
 2.550000001986816756e+00  -1.005865401204505405e+00   2.077810268851724984e-02  -1.629027885034932055e+01   1.528441344889746922e+01 
 2.849999997817327824e+00  -9.919861081295962002e-01   2.076201204643682643e-02  -1.627607501095410214e+01   1.528408890258050334e+01 
 3.150000002182672176e+00  -1.013005315204053680e+00   2.077026172397923587e-02  -1.627919936972000414e+01   1.526619405426502141e+01 
 3.449999998013183244e+00  -9.616933742942526120e-01   2.074616423853794731e-02  -1.626312451573206630e+01   1.530143114118821934e+01 
 3.750000000000000000e+00  -9.555906206666398006e-01   2.075639494176198183e-02  -1.626350750371402043e+01   1.530791688279935059e+01 
 4.050000001986816756e+00  -9.455224202591507865e-01   2.078032573587063406e-02  -1.627590994625155574e+01   1.533038752574637265e+01 
 4.349999997764918191e+00  -9.861814944573437103e-01   2.075859104017148057e-02  -1.628004452025278326e+01   1.529386302554610744e+01 
 4.650000002235167074e+00  -9.981502898508803900e-01   2.077321967988936258e-02  -1.627930918038158836e+01   1.528115889028595120e+01 
 4.949999998013183244e+00  -9.982763319321419360e-01   2.076872653511084230e-02  -1.628004478209722095e+01   1.528176844991854821e+01 
 5.250000000000000000e+00  -1.018103609951838129e+00   2.076507297254972378e-02  -1.626786293598251021e+01   1.524975932578311699e+01 
 5.550000001986816756e+00  -1.001548784494401545e+00   2.075896496040828196e-02  -1.626797964790816664e+01   1.526643086316940590e+01 
 5.849999997616194491e+00  -9.487618354079043748e-01   2.076020679566322955e-02  -1.629729893034619082e+01   1.534853709469128979e+01 
 6.150000002383805509e+00  -9.793732355126855138e-01   2.075152825035054410e-02  -1.626970391224256929e+01   1.529033067648274447e+01 
 6.449999996594677043e+00  -9.828149117807315482e-01   2.075844506456362565e-02  -1.627737985239221885e+01   1.529456494036322312e+01 
 6.750000000000000000e+00  -9.942632166446830899e-01   2.075398771588863808e-02  -1.628544395084522023e+01   1.529118073395463639e+01 
 7.050000003401137860e+00  -9.777337646148657191e-01   2.075025998683338244e-02  -1.628524031640638370e+01   1.530750655154329642e+01 
 7.349999997616194491e+00  -9.449142381146399261e-01   2.075899659828031596e-02  -1.629098079801333299e+01   1.534606655965366073e+01 
 7.650000002609168348e+00  -9.544753060047691529e-01   2.076715227028334831e-02  -1.627899880946567279e+01   1.532452350321359269e+01 
 7.949999996581119888e+00  -1.055984854744450585e+00   2.075806638304604490e-02  -1.627830070192152689e+01   1.522231584693352779e+01 
 8.250000000000000000e+00  -9.916744338839859063e-01   2.075740189353927206e-02  -1.628844840591851550e+01   1.529677397179151299e+01 
 8.550000003551197381e+00  -9.723286536592866680e-01   2.075179560531996079e-02  -1.627183595855935039e+01   1.529950730465807318e+01 
 8.849999997566065701e+00  -9.619350504622870002e-01   2.074261288295479663e-02  -1.627491915973583403e+01   1.531298410902786955e+01 
 9.150000002232587804e+00  -9.931403900124152750e-01   2.076485061056155060e-02  -1.628689434236239819e+01   1.529375395210528588e+01 
 9.449999996257851365e+00  -9.714275909171116163e-01   2.076471179586793572e-02  -1.629464494740000546e+01   1.532321735623664516e+01 
 9.750000000000000000e+00  -9.669922698740130995e-01   2.075088777103077653e-02  -1.627728096352296205e+01   1.531028869340360288e+01 
 1.005000000386467462e+01  -9.669391047810435014e-01   2.076593615812364485e-02  -1.628436687640962077e+01   1.531742777137845302e+01 
 1.034999999839949680e+01  -9.995585129169457517e-01   2.076703683593663155e-02  -1.629781383056058530e+01   1.529825531739781930e+01 
 1.065000000141317571e+01  -9.896099749246580757e-01   2.075554845924068234e-02  -1.628414663177462174e+01   1.529453665660463280e+01 
 1.094999999507324873e+01  -9.962609598031892943e-01   2.075412910148492773e-02  -1.627603647826074251e+01   1.527977551820803370e+01 
 1.125000000000000000e+01  -9.850913545317274700e-01   2.073549501202568215e-02  -1.625896070526913206e+01   1.527386935048766858e+01 
 1.155000000508479729e+01  -1.026605848505415475e+00   2.076312422488796675e-02  -1.627219431126475513e+01   1.524558846251170685e+01 
 1.184999999931098813e+01  -1.005698667718854411e+00   2.074902291191359216e-02  -1.626216457091103251e+01   1.525646590294614491e+01 
 1.215000000051482232e+01  -9.630213493126816848e-01   2.076532947077166374e-02  -1.628128639435638192e+01   1.531826504479928630e+01 
 1.244999999475226105e+01  -9.830333575108410882e-01   2.078051605644961816e-02  -1.629930824082886431e+01   1.531627488307005791e+01 
 1.275000000000000000e+01  -9.978034183835997606e-01   2.078992042309028496e-02  -1.631323359858136968e+01   1.531543017995194056e+01 
 1.305000000535301297e+01  -9.530498071923313441e-01   2.077733539649820674e-02  -1.631130680505211572e+01   1.535825699761352858e+01 
 1.334999999996261266e+01  -9.830798515727551257e-01   2.076665554828820495e-02  -1.631050367445251936e+01   1.532742382263687020e+01 
 1.364999999993170121e+01  -1.003501826488793380e+00   2.077219532473641508e-02  -1.631062407341408615e+01   1.530712224667906085e+01 
 1.394999999450566719e+01  -1.005151989980333171e+00   2.077267695467489503e-02  -1.628927615803328166e+01   1.528412416780735050e+01 
 1.425000000000000000e+01  -1.007202405940093470e+00   2.074437436077451388e-02  -1.624456445976736774e+01   1.523736205357952400e+01 
 1.455000000558276696e+01  -9.809809938672743312e-01   2.073582974047229188e-02  -1.623752149414748303e+01   1.525654050003318396e+01 
 1.485000000067923764e+01  -9.915482632421129816e-01   2.071539486522396695e-02  -1.622768928509140807e+01   1.523614102159830885e+01 
 1.514999999916685880e+01  -9.590675052532280365e-01   2.073360644832522581e-02  -1.623393360441255240e+01   1.527486609891350078e+01 
 1.544999999429079907e+01  -9.880626484067264181e-01   2.075388225160791633e-02  -1.627088649274967125e+01   1.528282384409727257e+01 
 1.575000000000000000e+01  -9.747644493202156646e-01   2.076644011621586045e-02  -1.629480190670507511e+01   1.532003745713950593e+01 
 1.605000000579020281e+01  -9.782658769431503698e-01   2.078697579819034982e-02  -1.633103662875299023e+01   1.535277075156682969e+01 
 1.635000000135459430e+01  -9.845524651887120893e-01   2.081185849169803204e-02  -1.635828179516406422e+01   1.537372932973356932e+01 
 1.664999999850080314e+01  -1.006288841354415320e+00   2.083230514151581531e-02  -1.637161229929878203e+01   1.536532345770579511e+01 
 1.694999999388787870e+01  -1.004632309356702891e+00   2.082487238044445146e-02  -1.637445167904341758e+01   1.536981936944611071e+01 
 1.725000000000000000e+01  -1.014756538114592654e+00   2.078976700985856949e-02  -1.633726644083186486e+01   1.532250990247228373e+01 
 1.755000000616288958e+01  -9.945562154958967893e-01   2.079989967586368116e-02  -1.622388882930504650e+01   1.522933261356252288e+01 
 1.785000000199080006e+01  -9.736347491194026205e-01   2.088968494034828052e-02  -1.611898431417518651e+01   1.514534956481123196e+01 
 1.814999999787305285e+01  -9.541352470351748272e-01   2.080576105444711943e-02  -1.602942114452514133e+01   1.507528589723714418e+01 
 1.844999999375514932e+01  -9.474686886877292658e-01   2.062077201746689500e-02  -1.603349593361330960e+01   1.508602724468119938e+01 
 1.875000000000000000e+01  -9.873100549621329769e-01   2.083930157410026490e-02  -1.613375884856140985e+01   1.514644879334915650e+01 
 1.905000000628763246e+01  -1.045372247084177308e+00   2.153153249747778025e-02  -1.638119991933739783e+01   1.533582767203761499e+01 
 1.935000000265496567e+01  -1.019883548305473564e+00   2.180259030336123907e-02  -1.665055936533254410e+01   1.563067581682238050e+01 
 1.964999999721701585e+01  -1.002776106926875022e+00   2.131893020252471210e-02  -1.680983081055915918e+01   1.580705470341863261e+01 
 1.994999999364935661e+01  -9.669851890383800441e-01   2.112537259129319486e-02  -1.674792631331702708e+01   1.578094112405187310e+01 
 2.025000000000000000e+01  -9.210742385807784149e-01   2.157609260694983225e-02  -1.650897414180422373e+01   1.558789990300848238e+01 
 2.055000000638588631e+01  -1.013794993169077507e+00   2.146877409167203404e-02  -1.621103679002754916e+01   1.519724179663488961e+01 
 2.085000000322038716e+01  -1.001836679980296241e+00   2.082233802832435601e-02  -1.591203748487535030e+01   1.491020080464984865e+01 
 2.114999999665894137e+01  -1.048393073800929498e+00   2.044711629494262717e-02  -1.565826865359086995e+01   1.460987557955210292e+01 
 2.144999999356632969e+01  -9.992041563036032636e-01   2.038479106365381419e-02  -1.558368662332562948e+01   1.458448246678447369e+01 
 2.175000000000000000e+01  -9.577208567620609792e-01   2.055071641088789328e-02  -1.568844166539172491e+01   1.473072080838790043e+01 
 2.205000000649692282e+01  -8.422906282965779701e-01   2.072185788875036128e-02  -1.590372122462027882e+01   1.506143059607774859e+01 
 2.235000000375863038e+01  -8.513493870875560310e-01   2.074883374652409379e-02  -1.626465762563460160e+01   1.541330823830221775e+01 
 2.264999999612694381e+01  -9.501764624585681274e-01   2.346714379760921412e-02  -1.682404846366427975e+01   1.587387200106177332e+01 
 2.294999999341088426e+01  -1.155628087606264565e+00   3.372796049750851483e-02  -1.772253270899749822e+01   1.656690462149620657e+01 
 2.325000000000000000e+01  -1.322838261756465794e+00   4.193753973130317364e-02  -1.894508979439678242e+01   1.762225153270789946e+01 
 2.355000000673626914e+01  -1.285678271163070541e+00   2.865097505620443213e-02  -1.975504426575121997e+01   1.846936599460228834e+01 
 2.385000000427048406e+01  -9.006457729211008179e-01   4.036405163193552276e-02  -1.805963021769963817e+01   1.715898444487336860e+01 
 2.414999999562228794e+01  -6.707437423342930138e-01   7.350554776408850521e-02  -1.491288668199343803e+01   1.424214293871051140e+01 
 2.444999999320079098e+01  -6.564325412047853359e-01   5.896790175659138988e-02  -1.329905684579045655e+01   1.264262430428062878e+01 
 2.475000000000000000e+01  -7.529890528087460622e-01   2.342492300957857085e-02  -1.248450832684543954e+01   1.173151927382022564e+01 
 2.505000000684586325e+01  -8.838464635665004288e-01   3.317677999544804690e-02  -1.256081350815479780e+01   1.167696704465900481e+01 
 2.535000000479952575e+01  -1.163063961702097471e+00   6.615092593505245144e-02  -1.433751188532854570e+01   1.317444792309172108e+01 
 2.564999999509782924e+01  -1.476817612362759657e+00   9.608580194014805509e-02  -1.742953283229613248e+01   1.595271522071005954e+01 
 2.594999999296842219e+01  -1.383629060108875874e+00   9.744437173177296352e-02  -2.147369330976102120e+01   2.009006425045632227e+01 
 2.625000000000000000e+01  -8.944387898628548550e-01   4.731387716529275589e-02  -2.506354286093226946e+01   2.416910407098001912e+01 
 2.655000000705900476e+01  -5.463847247610397195e-01   7.988009840030764475e-02  -2.373297955983136731e+01   2.318659483486922568e+01 
 2.685000000518232355e+01  -1.753763560442413105e+00   1.387766759479843459e-01  -1.026806847067270567e+01   8.514304910733558884e+00 
 2.714999999471971392e+01  -2.207562438848716280e+00   6.712045670020932997e-02  -3.234508433654945669e+00   1.026945993385404599e+00 
 2.744999999275724178e+01  -1.180978402428789931e+00   2.383992183474768420e-02  -1.420550059070303961e+00   2.395716565082119109e-01 
 2.775000000000000000e+01  -1.904824814790807286e-01   3.621168573390839713e-03  -2.052177428619220978e-01   1.473526138401429035e-02 
 2.805000000730211696e+01  -5.482356778401008875e-04   1.044111610533769881e-04  -4.116991185102655284e-04  -1.365365593298663673e-04 
 2.835000000566489575e+01   2.741304620916105007e-16   2.840207810335983065e-17  -2.983684933993124817e-29   2.741304620916286938e-16 
 2.864999999427850952e+01   2.741304620916105007e-16   2.840207810335983065e-17  -2.983684933993124817e-29   2.741304620916286938e-16 
 2.894999999259483303e+01   2.741304620916105007e-16   2.840207810335983065e-17  -2.983684933993124817e-29   2.741304620916286938e-16 
 2.925000000000000000e+01   2.741304620916105007e-16   2.840207810335983065e-17  -2.983684933993124817e-29   2.741304620916286938e-16 
 2.955000000745111777e+01   2.741304620916105007e-16   2.840207810335983065e-17  -2.983684933993124817e-29   2.741304620916286938e-16 
 2.985000000606585502e+01   2.741304620916105007e-16   2.840207810335983065e-17  -2.983684933993124817e-29   2.741304620916286938e-16 
