# This file was generated by DielectricPlanar on Wed, May 28 2025 at 00:27:56 
# 
# DielectricPlanar is part of MAICoS v0.7.2
# 
# Command line:    epsilon_script.py 
# Module input:    DielectricPlanar(atomgroups, dim=2, zmin=None, zmax=None, bin_width=0.5, refgroup=None, is_3d=False, sym=False, vac=False, unwrap=True, temperature=300, output_prefix='eps', concfreq=0, vcutwidth=0.1).run((start=None, stop=None, step=None, verbose=None))
# 
# Statistics over 7084167 frames
# 
# Considered atomgroups:
#   (1) HW 6958 & MW 3479 & OW 3479
# 
# 
# 
#      position [Å]       |       ε_∥ - 1 (1)        |         Δε_∥ (1)         |     self ε_∥ - 1 (1)     |     coll ε_∥ - 1 (1)     
-2.984999999999103792e+01   0.000000000000000000e+00   0.000000000000000000e+00   0.000000000000000000e+00   0.000000000000000000e+00 
-2.954999999995761328e+01   0.000000000000000000e+00   0.000000000000000000e+00   0.000000000000000000e+00   0.000000000000000000e+00 
-2.925000000000000000e+01   0.000000000000000000e+00   0.000000000000000000e+00   0.000000000000000000e+00   0.000000000000000000e+00 
-2.895000000006820784e+01   0.000000000000000000e+00   0.000000000000000000e+00   0.000000000000000000e+00   0.000000000000000000e+00 
-2.865000000016803483e+01   0.000000000000000000e+00   0.000000000000000000e+00   0.000000000000000000e+00   0.000000000000000000e+00 
-2.834999999979456220e+01   0.000000000000000000e+00   0.000000000000000000e+00   0.000000000000000000e+00   0.000000000000000000e+00 
-2.805000000021279405e+01   0.000000000000000000e+00   0.000000000000000000e+00   0.000000000000000000e+00   0.000000000000000000e+00 
-2.775000000000000000e+01   1.764792097314988532e-04   1.231795635786958718e-04   1.318132112986142594e-05   1.632974691498079970e-04 
-2.744999999969368432e+01   9.157177865078894863e-01   1.413812212658270909e-02   1.851682684043106930e-01   7.305498495310779328e-01 
-2.714999999993373692e+01   4.199474081064976616e+01   1.028701360560296679e-01   9.681160936619269464e+00   3.231364023486523251e+01 
-2.685000000018976607e+01   2.291985230347052322e+02   2.960944771135413656e-01   7.792963307966049058e+01   1.512692281592232462e+02 
-2.655000000043702357e+01   3.263122081279104236e+02   3.771995550713269640e-01   1.251948695710419344e+02   2.011177539717573097e+02 
-2.625000000000000000e+01   2.475608671406347412e+02   3.025939477113462894e-01   8.083236885629381163e+01   1.667287280173583781e+02 
-2.594999999978707450e+01   1.600701006895443186e+02   2.215323105531742109e-01   4.379140206760666132e+01   1.162787662312069727e+02 
-2.564999999975164968e+01   1.052360096407697085e+02   1.687666222097053692e-01   2.569439922446499480e+01   7.954164351596307370e+01 
-2.535000000042563784e+01   7.462674775885301415e+01   1.379398055448471938e-01   1.724415125477622368e+01   5.738260435409257809e+01 
-2.505000000025948026e+01   5.943296265005349710e+01   1.215384985471004708e-01   1.344334087244279274e+01   4.598962707902303748e+01 
-2.475000000000000000e+01   5.575092709721824491e+01   1.189600948076118270e-01   1.288493509836452411e+01   4.286599384717492711e+01 
-2.445000000005556018e+01   6.730306973124019976e+01   1.363923334056850456e-01   1.692718276348745476e+01   5.037589937244349159e+01 
-2.414999999923746543e+01   8.962962633972539095e+01   1.674141860918390567e-01   2.542108654761856101e+01   6.420855817708579139e+01 
-2.385000000078728277e+01   1.021584133168096997e+02   1.862589027880809101e-01   3.149604251228535290e+01   7.066238427734305105e+01 
-2.354999999956661583e+01   9.995908969322010762e+01   1.857658789734920046e-01   3.133447324462236949e+01   6.862464203409639651e+01 
-2.325000000000000000e+01   9.059462171871530245e+01   1.752309661621901937e-01   2.791597538630712805e+01   6.267865227465973277e+01 
-2.295000000063421908e+01   8.254402227074886866e+01   1.655643165656117966e-01   2.494156467857699866e+01   5.760247061750128950e+01 
-2.264999999907559314e+01   7.729768970173186915e+01   1.594016273403262851e-01   2.316633999524939824e+01   5.413136280929381172e+01 
-2.235000000094742489e+01   7.370869941298900585e+01   1.559379201630520240e-01   2.214630074113646430e+01   5.156242188360241130e+01 
-2.204999999910869590e+01   7.126033440364206228e+01   1.534364930358072254e-01   2.146875597376137179e+01   4.979159880259157944e+01 
-2.175000000000000000e+01   6.982343459951161435e+01   1.522783562313967942e-01   2.116297911505540341e+01   4.866047514427266663e+01 
-2.145000000049670419e+01   6.944084784592517678e+01   1.526479425894356201e-01   2.122324867920855596e+01   4.821761233726527252e+01 
-2.114999999940404862e+01   7.058101166857461806e+01   1.543671541650724621e-01   2.171712801321884001e+01   4.886391515708071864e+01 
-2.085000000059595138e+01   7.317466647789562728e+01   1.574142407268773747e-01   2.259184675326101654e+01   5.058284364812609368e+01 
-2.054999999914851827e+01   7.655420339762028448e+01   1.614327202942123229e-01   2.371585235441259698e+01   5.283836910450040847e+01 
-2.025000000000000000e+01   7.932054347891200052e+01   1.647118188609340839e-01   2.472425400733003542e+01   5.459631812372287385e+01 
-1.995000000097368442e+01   8.056786481619384688e+01   1.661626490008096813e-01   2.512399214810509918e+01   5.544388549849168157e+01 
-1.964999999976108569e+01   7.990351980579619351e+01   1.651002223695333393e-01   2.480644420486877522e+01   5.509711572168004068e+01 
-1.935000000011347510e+01   7.769210642976494796e+01   1.624268087442875264e-01   2.403016541391554028e+01   5.366196137398934241e+01 
-1.904999999863208870e+01   7.558672583740828088e+01   1.594035510455534543e-01   2.316543415595019795e+01   5.242131901845264963e+01 
-1.875000000000000000e+01   7.353613478523476488e+01   1.575408901524174288e-01   2.261017277275248105e+01   5.092598203907491694e+01 
-1.845000000145252628e+01   7.372440068649707712e+01   1.571053510007293097e-01   2.250106776804659248e+01   5.122334164546881397e+01 
-1.815000000044583572e+01   7.380895437624556621e+01   1.578209485454611649e-01   2.270025492593625316e+01   5.110871362124728279e+01 
-1.784999999941799587e+01   7.492127026115046817e+01   1.590896439243362770e-01   2.306533135559122272e+01   5.185594087990460110e+01 
-1.754999999841488290e+01   7.580257138476579826e+01   1.601882471697227694e-01   2.337216918194840787e+01   5.243040419907373462e+01 
-1.725000000000000000e+01   7.634893579462229241e+01   1.609408834798105314e-01   2.358917031645636087e+01   5.275977280527735047e+01 
-1.695000000162812626e+01   7.602818088910866834e+01   1.610476592519133887e-01   2.362881243023010214e+01   5.239937721847151408e+01 
-1.665000000102638822e+01   7.649423623855358301e+01   1.610378511527143786e-01   2.361914810534821285e+01   5.287510425300496308e+01 
-1.634999999886551336e+01   7.602933809417851307e+01   1.606679360625151987e-01   2.353275546064649149e+01   5.249658579461951291e+01 
-1.604999999824421764e+01   7.594167202448144849e+01   1.604163051869066658e-01   2.346266437475873801e+01   5.247900846524900942e+01 
-1.575000000000000178e+01   7.572513986375901140e+01   1.600178125798712159e-01   2.336385028985222334e+01   5.236130052442995719e+01 
-1.545000000183541289e+01   7.554899341180137640e+01   1.597522437503295645e-01   2.326950412904964338e+01   5.227949212983499194e+01 
-1.515000000148719295e+01   7.514884032929622037e+01   1.595720477417525707e-01   2.321223475443414586e+01   5.193660575775054866e+01 
-1.484999999842407448e+01   7.521788126160787158e+01   1.594956660086689071e-01   2.320022912244183289e+01   5.201765672471365320e+01 
-1.454999999809491484e+01   7.520879988198902311e+01   1.595906806007005296e-01   2.322892385980193808e+01   5.197989362902985988e+01 
-1.425000000000000178e+01   7.536954252276207455e+01   1.598359269600364563e-01   2.330065407621891538e+01   5.206891336653897184e+01 
-1.395000000085149239e+01   7.557026368005439565e+01   1.600657028989539987e-01   2.337044125008297257e+01   5.219986791828328876e+01 
-1.365000000099340838e+01   7.558661680130438754e+01   1.602792406370768252e-01   2.343575595101822984e+01   5.215087167702989746e+01 
-1.334999999900659162e+01   7.583783342281654427e+01   1.603343421565848470e-01   2.345605698058146871e+01   5.238181354819651148e+01 
-1.304999999888371320e+01   7.543116133151114866e+01   1.603304734054126768e-01   2.342138017380147375e+01   5.200983359160900932e+01 
-1.275000000000000000e+01   7.551685309269160484e+01   1.600610481790150919e-01   2.338625448892352665e+01   5.213064892229301250e+01 
-1.245000000119190275e+01   7.524187098636589610e+01   1.599330323963628064e-01   2.334075009095197828e+01   5.190116026190596443e+01 
-1.215000000099403721e+01   7.551903111873799901e+01   1.600608695216922117e-01   2.333306361301623255e+01   5.218602522099180874e+01 
-1.184999999829899409e+01   7.565508183352433491e+01   1.599491794051830784e-01   2.331459387699760200e+01   5.234050831104580226e+01 
-1.154999999880809725e+01   7.569662303570203221e+01   1.599746277032228770e-01   2.332528602039231203e+01   5.237136749643664047e+01 
-1.125000000000000000e+01   7.592757180085961011e+01   1.599724246929063731e-01   2.334649865804146174e+01   5.258109880466363961e+01 
-1.095000000123248896e+01   7.639645872518673286e+01   1.601390155196471266e-01   2.335991918822244884e+01   5.303655438101175434e+01 
-1.065000000179182038e+01   7.614758843628627005e+01   1.600785224647238991e-01   2.336046798895345589e+01   5.278715926727112873e+01 
-1.034999999814453275e+01   7.628517421668421150e+01   1.601836133890262026e-01   2.339283696320764250e+01   5.289235833060033087e+01 
-1.004999999905913910e+01   7.633448860340645581e+01   1.601506761794288247e-01   2.335735502298577515e+01   5.297720686036135618e+01 
-9.750000000000000000e+00   7.649684346590670714e+01   1.602022234017302094e-01   2.338652519549683717e+01   5.311035354341764503e+01 
-9.450000000568330449e+00   7.663765544937388086e+01   1.602185171530937369e-01   2.336825156992141572e+01   5.326943777367303312e+01 
-9.150000002554691036e+00   7.644909482045619598e+01   1.601701501853389775e-01   2.336923138793986965e+01   5.307989366875771964e+01 
-8.849999997388458439e+00   7.628009368301245274e+01   1.600171578419065099e-01   2.335087087729591460e+01   5.292930223144743707e+01 
-8.549999999858002298e+00   7.659401840373637071e+01   1.601653512492509923e-01   2.337022806072854308e+01   5.322388737526947722e+01 
-8.250000000000000000e+00   7.606656756302663780e+01   1.600940499413792406e-01   2.335577882748121681e+01   5.271082468866486437e+01 
-7.949999999857151778e+00   7.645225771139818960e+01   1.601498768831720598e-01   2.338017025494182732e+01   5.307212172391881211e+01 
-7.650000002802162413e+00   7.633642905044682436e+01   1.599921980022889767e-01   2.335160003283162311e+01   5.298485473155835734e+01 
-7.349999997155709508e+00   7.628712096798675191e+01   1.601042406376706195e-01   2.336407268934254944e+01   5.292305155617567891e+01 
-7.050000000604544681e+00   7.625091141331721190e+01   1.601610690100374601e-01   2.336513680749552435e+01   5.288577688943335176e+01 
-6.750000000000000000e+00   7.602598412059539612e+01   1.602131197372000104e-01   2.337621460595501688e+01   5.264977906620140402e+01 
-6.449999999178572807e+00   7.636886610000817655e+01   1.601664677347986732e-01   2.335946653723646804e+01   5.300940836513046150e+01 
-6.150000003088109679e+00   7.613317838927530090e+01   1.601451496481077763e-01   2.335083370269945036e+01   5.278234522633813697e+01 
-5.849999996884395870e+00   7.640169083574038211e+01   1.601334806126260280e-01   2.335818157794208005e+01   5.304352715283162212e+01 
-5.550000001229996371e+00   7.633117316707260613e+01   1.601216564749186333e-01   2.335850788533198497e+01   5.297267190974721984e+01 
-5.250000000000000000e+00   7.600757349016494402e+01   1.600569828976922959e-01   2.334675346557266451e+01   5.266082464902493143e+01 
-4.949999998544146962e+00   7.609597096779933167e+01   1.601767685918275841e-01   2.337176710393043066e+01   5.272421311696916746e+01 
-4.650000003196762322e+00   7.578350717677324155e+01   1.600761719295213104e-01   2.336876236193229772e+01   5.241474882637552923e+01 
-4.349999996791186874e+00   7.598323476667036402e+01   1.601143042102342318e-01   2.336772644148326350e+01   5.261551560771447811e+01 
-4.050000001792248838e+00   7.601466886126425493e+01   1.601701249133192506e-01   2.337207405434850571e+01   5.264260939892621849e+01 
-3.750000000000000000e+00   7.581337621946917693e+01   1.602022402893433506e-01   2.337771758769743258e+01   5.243566251283314017e+01 
-3.449999997978856925e+00   7.604170119890078183e+01   1.601530375990653232e-01   2.337055356262375838e+01   5.267115042156077465e+01 
-3.150000003372877444e+00   7.573232705604941373e+01   1.601433827355559503e-01   2.335263383239911761e+01   5.237969574355995661e+01 
-2.849999996606030095e+00   7.564471373567957357e+01   1.599992275986025780e-01   2.335093917633642491e+01   5.229378092627242580e+01 
-2.550000002321720416e+00   7.548978063456192444e+01   1.600257608512227481e-01   2.335290112572524635e+01   5.213688225027191692e+01 
-2.250000000000000000e+00   7.547260922502528047e+01   1.599804238983955351e-01   2.335510935505219976e+01   5.211750161399531578e+01 
-1.949999997473003788e+00   7.580211350638118972e+01   1.600924523678621814e-01   2.335616028496193763e+01   5.244595786765368928e+01 
-1.650000003579140895e+00   7.559632082276255005e+01   1.600755300904041500e-01   2.335201246784651019e+01   5.224432864521604358e+01 
-1.349999996411096248e+00   7.583009469883344877e+01   1.601503797471942603e-01   2.338113719158232939e+01   5.244897209056669851e+01 
-1.050000002760732798e+00   7.563445192952609375e+01   1.600258897025964022e-01   2.336222036377206734e+01   5.227226338947792073e+01 
-7.500000000000000000e-01   7.556782292786995470e+01   1.600201855033450693e-01   2.335336187622657178e+01   5.221447660749277020e+01 
-4.499999970700052643e-01   7.557760745505350997e+01   1.601296523176103659e-01   2.335498857235807790e+01   5.222265106967929427e+01 
-1.500000037310265100e-01   7.535172452460665227e+01   1.600649521338156356e-01   2.336163770618953350e+01   5.199011808324468120e+01 
 1.500000037538420372e-01   7.549304221950824001e+01   1.600521075289665918e-01   2.334253241531268230e+01   5.215053252052472033e+01 
 4.499999968047205812e-01   7.529243772085649766e+01   1.600235235685929791e-01   2.333115901002280523e+01   5.196133021994874213e+01 
 7.500000000000000000e-01   7.530537765398693750e+01   1.601296533199434435e-01   2.334806426938336088e+01   5.195734719852118388e+01 
 1.050000003363365408e+00   7.553734944427192488e+01   1.602328935844588575e-01   2.335333871845661946e+01   5.218404716771346585e+01 
 1.349999996158455673e+00   7.541345915246857601e+01   1.600831866366122791e-01   2.333779523819361756e+01   5.207573344598880993e+01 
 1.650000003861688214e+00   7.546212884565785828e+01   1.600553977596183841e-01   2.333788450629338129e+01   5.212428682128956581e+01 
 1.949999996395582968e+00   7.541497993404024669e+01   1.600916602416799783e-01   2.337167902446443435e+01   5.204331600507677535e+01 
 2.250000000000000000e+00   7.591775412329309347e+01   1.600708666822634463e-01   2.335694833342129328e+01   5.256084314819077719e+01 
 2.550000001986816756e+00   7.578720511464410947e+01   1.601348382480569654e-01   2.336157289627907474e+01   5.242566112119722987e+01 
 2.849999997817327824e+00   7.548752600170678306e+01   1.601707944037124576e-01   2.336123623269290661e+01   5.212631888365135779e+01 
 3.150000002182672176e+00   7.561088600751925526e+01   1.600621506138590056e-01   2.335959286544068192e+01   5.225132039260694938e+01 
 3.449999998013183244e+00   7.564223366827576456e+01   1.600874387110140518e-01   2.337700453944530921e+01   5.226526567139048041e+01 
 3.750000000000000000e+00   7.576814128109586477e+01   1.602215806341570348e-01   2.336519902143274052e+01   5.240296615329166485e+01 
 4.050000001986816756e+00   7.578005842376295220e+01   1.601975133336273616e-01   2.337066869120430468e+01   5.240943631527323276e+01 
 4.349999997764918191e+00   7.578962582451747210e+01   1.601529850782034137e-01   2.336158262624756787e+01   5.242809168307964285e+01 
 4.650000002235167074e+00   7.561784533595771052e+01   1.600978995538680782e-01   2.335070006917505481e+01   5.226718522427339764e+01 
 4.949999998013183244e+00   7.556210528918414582e+01   1.600559832013653538e-01   2.334287241740646834e+01   5.221929125808384242e+01 
 5.250000000000000000e+00   7.584197526489965924e+01   1.600596008154738514e-01   2.336158682138923126e+01   5.248042344667405956e+01 
 5.550000001986816756e+00   7.558746148572005552e+01   1.600925614064220848e-01   2.335518856877724048e+01   5.223232818518886944e+01 
 5.849999997616194491e+00   7.521911800357847255e+01   1.599233511941885733e-01   2.332892266854182139e+01   5.189023992432442611e+01 
 6.150000002383805509e+00   7.534974842053568977e+01   1.600142243506740836e-01   2.333898913327401203e+01   5.201079545527717585e+01 
 6.449999996594677043e+00   7.543927333445141414e+01   1.601307637124263217e-01   2.335828857142566051e+01   5.208102152722439371e+01 
 6.750000000000000000e+00   7.532319501386064076e+01   1.601691468606104563e-01   2.336409327202656172e+01   5.195913676590065222e+01 
 7.050000003401137860e+00   7.519899431936373446e+01   1.600503744871770162e-01   2.336366419238374093e+01   5.183537013531901039e+01 
 7.349999997616194491e+00   7.540527049657671910e+01   1.599876165405137163e-01   2.334679906549504835e+01   5.205849445049761215e+01 
 7.650000002609168348e+00   7.531538041433597641e+01   1.600644219615966202e-01   2.336766190634391549e+01   5.194774759969989475e+01 
 7.949999996581119888e+00   7.503078058338016376e+01   1.600556260961843724e-01   2.334724558305309472e+01   5.168356343726560453e+01 
 8.250000000000000000e+00   7.534030145280453894e+01   1.599825580819984050e-01   2.332909790982984788e+01   5.201122707353681562e+01 
 8.550000003551197381e+00   7.505626849581922500e+01   1.599456896667994232e-01   2.334523790001599863e+01   5.171106128511248556e+01 
 8.849999997566065701e+00   7.526721590987618526e+01   1.600739184423092265e-01   2.334630035519088764e+01   5.192093338090698751e+01 
 9.150000002232587804e+00   7.481559899221068122e+01   1.600277103196811324e-01   2.333996523577596349e+01   5.147565061520417373e+01 
 9.449999996257851365e+00   7.546706654624502164e+01   1.600667911430529722e-01   2.334968207786231531e+01   5.211738437283278813e+01 
 9.750000000000000000e+00   7.531659105210549399e+01   1.600530139878971192e-01   2.336381199482787707e+01   5.195278505273507363e+01 
 1.005000000386467462e+01   7.538114631728277004e+01   1.601861407997526021e-01   2.336851004158706147e+01   5.201263714936434468e+01 
 1.034999999839949680e+01   7.554226885465273256e+01   1.601332633899044677e-01   2.336393901536517959e+01   5.217833454120511050e+01 
 1.065000000141317571e+01   7.542201295609648071e+01   1.600142879624094350e-01   2.334763135827143543e+01   5.207438165901918836e+01 
 1.094999999507324873e+01   7.556321714160910119e+01   1.599992899829946191e-01   2.335222053572279322e+01   5.221099668477188516e+01 
 1.125000000000000000e+01   7.553935753284751797e+01   1.599706979709685783e-01   2.333761387991273750e+01   5.220174453612352750e+01 
 1.155000000508479729e+01   7.533977084906722155e+01   1.598886672013074828e-01   2.330166678264356506e+01   5.203810589098815598e+01 
 1.184999999931098813e+01   7.531573364535591963e+01   1.599553993410884056e-01   2.330643214021938192e+01   5.200931152476547226e+01 
 1.215000000051482232e+01   7.541517773598843632e+01   1.601273919664548406e-01   2.334025142428757604e+01   5.207493252963975294e+01 
 1.244999999475226105e+01   7.552989761522891854e+01   1.602234818386053805e-01   2.333972633515108797e+01   5.219017448165568140e+01 
 1.275000000000000000e+01   7.554167189462569354e+01   1.601438370020247248e-01   2.338486060562073376e+01   5.215682396333357929e+01 
 1.305000000535301297e+01   7.582406208701746664e+01   1.603770813770914183e-01   2.342280960098742426e+01   5.240125758172289494e+01 
 1.334999999996261266e+01   7.607237885100650487e+01   1.604769150399262545e-01   2.345962473295110229e+01   5.261275694588729124e+01 
 1.364999999993170121e+01   7.603963487897287621e+01   1.603202749671090166e-01   2.343330343241561309e+01   5.260635293417664116e+01 
 1.394999999450566719e+01   7.571406812246225115e+01   1.601467056609594264e-01   2.337144325430520553e+01   5.234263800730100513e+01 
 1.425000000000000000e+01   7.530797192407031559e+01   1.598971631508348812e-01   2.331905703176929734e+01   5.198892973500247194e+01 
 1.455000000558276696e+01   7.505707316989368394e+01   1.595693373943485038e-01   2.323988586933831968e+01   5.181720826065865282e+01 
 1.485000000067923764e+01   7.512346368211984782e+01   1.596034932205324663e-01   2.319024820891274175e+01   5.193321995022733262e+01 
 1.514999999916685880e+01   7.455619379480091879e+01   1.596296268515086658e-01   2.320751428479562151e+01   5.134868240121174665e+01 
 1.544999999429079907e+01   7.510028415690365478e+01   1.598820187545584026e-01   2.329934711285655879e+01   5.180095512491318033e+01 
 1.575000000000000000e+01   7.501801115906002337e+01   1.599798325644062602e-01   2.335143998159709966e+01   5.166658296867615263e+01 
 1.605000000579020281e+01   7.542494110449939626e+01   1.604093767622483124e-01   2.345746083905150670e+01   5.196749133199762127e+01 
 1.635000000135459430e+01   7.543135412826958941e+01   1.605968992007858198e-01   2.353414195861717317e+01   5.189722010156044263e+01 
 1.664999999850080314e+01   7.573624882953571102e+01   1.610091420153272335e-01   2.363089218074067688e+01   5.210539567111039361e+01 
 1.694999999388787870e+01   7.600132924400281809e+01   1.611018658290055694e-01   2.364585978206921268e+01   5.235548990166205385e+01 
 1.725000000000000000e+01   7.577310341046310782e+01   1.608690819605254896e-01   2.359318302704452108e+01   5.217995745088456516e+01 
 1.755000000616288958e+01   7.540895619712379983e+01   1.604094125161451834e-01   2.341137704522764906e+01   5.199759633754937482e+01 
 1.785000000199080006e+01   7.450068987585505909e+01   1.592114386133560711e-01   2.309241425460023933e+01   5.140829609312645943e+01 
 1.814999999787305285e+01   7.347573815287131538e+01   1.578014225611021337e-01   2.272706697272056431e+01   5.074868786549239275e+01 
 1.844999999375514932e+01   7.317295706786634923e+01   1.572344312595564675e-01   2.251910210206209939e+01   5.065387647201898602e+01 
 1.875000000000000000e+01   7.381627466931801962e+01   1.576093277183557573e-01   2.266229987683011160e+01   5.115400513310559205e+01 
 1.905000000628763246e+01   7.541536987897485744e+01   1.595025295792575626e-01   2.319858015819709252e+01   5.221679696640796209e+01 
 1.935000000265496567e+01   7.750554946686750668e+01   1.623622241514352249e-01   2.403655570160635335e+01   5.346903888288225204e+01 
 1.964999999721701585e+01   7.975754029836748771e+01   1.650001179526497663e-01   2.482508365231074521e+01   5.493247060962848849e+01 
 1.994999999364935661e+01   8.063841424572667904e+01   1.661541672146931159e-01   2.516246137938061622e+01   5.547596652693535191e+01 
 2.025000000000000000e+01   7.959665900770208680e+01   1.648992890539039968e-01   2.474814422471465036e+01   5.484852650854193001e+01 
 2.055000000638588631e+01   7.650492611610989968e+01   1.613890678774169418e-01   2.374136597521583170e+01   5.276356620587345247e+01 
 2.085000000322038716e+01   7.316273584303628752e+01   1.574107834226096403e-01   2.258919514283473973e+01   5.057354979136358963e+01 
 2.114999999665894137e+01   7.069760237194786612e+01   1.543122254381998626e-01   2.172315168102334937e+01   4.897446205170933808e+01 
 2.144999999356632969e+01   6.981546237685563483e+01   1.525712197508488632e-01   2.124369832566829785e+01   4.857177926971822757e+01 
 2.175000000000000000e+01   6.971756912761078695e+01   1.521813040454887134e-01   2.111842614503597204e+01   4.859915298609129763e+01 
 2.205000000649692282e+01   7.152608781257470127e+01   1.532888695739194063e-01   2.144969011307513895e+01   5.007640964335261202e+01 
 2.235000000375863038e+01   7.414683340310801896e+01   1.559914340882589123e-01   2.214510399030419308e+01   5.200174561215465019e+01 
 2.264999999612694381e+01   7.804166591859700475e+01   1.595602091609134854e-01   2.318601196480418736e+01   5.485567098657134721e+01 
 2.294999999341088426e+01   8.284840346212124018e+01   1.654946626512662222e-01   2.493769406230004648e+01   5.791072296877068482e+01 
 2.325000000000000000e+01   9.080978453895112068e+01   1.750480807185223753e-01   2.782888807950840260e+01   6.298090153537612679e+01 
 2.355000000673626914e+01   1.002869502998583471e+02   1.856278349417287699e-01   3.125236736011602190e+01   6.903460239556696365e+01 
 2.385000000427048406e+01   1.030097895755905313e+02   1.867684699409746241e-01   3.155224791579233212e+01   7.145755274032697457e+01 
 2.414999999562228794e+01   9.009094214936014566e+01   1.676946003714887001e-01   2.552129635950603870e+01   6.456965237349915299e+01 
 2.444999999320079098e+01   6.762251125122635642e+01   1.365656055538689850e-01   1.697217700365159487e+01   5.065033627136985217e+01 
 2.475000000000000000e+01   5.597486368554002212e+01   1.188959477491656064e-01   1.287254649084374236e+01   4.310232122313281167e+01 
 2.505000000684586325e+01   5.930250124137052836e+01   1.215409394820166633e-01   1.342748196981015596e+01   4.587503013454681167e+01 
 2.535000000479952575e+01   7.509801635481240112e+01   1.380210106026219241e-01   1.725068128342569906e+01   5.784734848326071699e+01 
 2.564999999509782924e+01   1.056893797680562699e+02   1.689564185729192092e-01   2.569554420261434657e+01   7.999387177816097960e+01 
 2.594999999296842219e+01   1.591251398906983923e+02   2.206397813855353607e-01   4.345388579010248264e+01   1.156712875377997563e+02 
 2.625000000000000000e+01   2.462428724277008314e+02   3.008526146298608483e-01   8.016766531781335914e+01   1.660753086904929319e+02 
 2.655000000705900476e+01   3.267821383070092907e+02   3.773711833755554190e-01   1.253953678287600439e+02   2.013869791350857952e+02 
 2.685000000518232355e+01   2.318670991940571753e+02   2.980787392388534185e-01   7.900333764026710526e+01   1.528641296671715395e+02 
 2.714999999471971392e+01   4.296661889251181776e+01   1.041883707327338482e-01   9.929706952718708735e+00   3.303694919669135999e+01 
 2.744999999275724178e+01   9.512105237534749236e-01   1.440866093977797614e-02   1.920672315895286253e-01   7.591436338414285778e-01 
 2.775000000000000000e+01   1.183882802257231079e-05   1.332351686993080435e-04   1.594715814098554121e-05  -4.108131485470202674e-06 
 2.805000000730211696e+01   0.000000000000000000e+00   0.000000000000000000e+00   0.000000000000000000e+00   0.000000000000000000e+00 
 2.835000000566489575e+01   0.000000000000000000e+00   0.000000000000000000e+00   0.000000000000000000e+00   0.000000000000000000e+00 
 2.864999999427850952e+01   0.000000000000000000e+00   0.000000000000000000e+00   0.000000000000000000e+00   0.000000000000000000e+00 
 2.894999999259483303e+01   0.000000000000000000e+00   0.000000000000000000e+00   0.000000000000000000e+00   0.000000000000000000e+00 
 2.925000000000000000e+01   0.000000000000000000e+00   0.000000000000000000e+00   0.000000000000000000e+00   0.000000000000000000e+00 
 2.955000000745111777e+01   0.000000000000000000e+00   0.000000000000000000e+00   0.000000000000000000e+00   0.000000000000000000e+00 
 2.985000000606585502e+01   0.000000000000000000e+00   0.000000000000000000e+00   0.000000000000000000e+00   0.000000000000000000e+00 
