# Planar mass-density profile of confined water (graphene slit).
# Computed with maicos.DensityPlanar(dens="mass", bin_width=0.1, dim=2,
# refgroup=water) on the graphene_water trajectory, centred on the water slab.
# columns: z (Angstrom)    rho (u/Angstrom^3)    sigma_rho (u/Angstrom^3)
   -7.9500  0.000000e+00  0.000000e+00
   -7.8500  0.000000e+00  0.000000e+00
   -7.7500  0.000000e+00  0.000000e+00
   -7.6500  0.000000e+00  0.000000e+00
   -7.5500  0.000000e+00  0.000000e+00
   -7.4500  0.000000e+00  0.000000e+00
   -7.3500  0.000000e+00  0.000000e+00
   -7.2500  0.000000e+00  0.000000e+00
   -7.1500  0.000000e+00  0.000000e+00
   -7.0500  0.000000e+00  0.000000e+00
   -6.9500  0.000000e+00  0.000000e+00
   -6.8500  0.000000e+00  0.000000e+00
   -6.7500  0.000000e+00  0.000000e+00
   -6.6500  0.000000e+00  0.000000e+00
   -6.5500  0.000000e+00  0.000000e+00
   -6.4500  0.000000e+00  0.000000e+00
   -6.3500  0.000000e+00  0.000000e+00
   -6.2500  0.000000e+00  0.000000e+00
   -6.1500  0.000000e+00  0.000000e+00
   -6.0500  0.000000e+00  0.000000e+00
   -5.9500  0.000000e+00  0.000000e+00
   -5.8500  0.000000e+00  0.000000e+00
   -5.7500  0.000000e+00  0.000000e+00
   -5.6500  0.000000e+00  0.000000e+00
   -5.5500  0.000000e+00  0.000000e+00
   -5.4500  0.000000e+00  0.000000e+00
   -5.3500  0.000000e+00  0.000000e+00
   -5.2500  4.538543e-05  1.096073e-05
   -5.1500  3.844413e-04  3.221838e-05
   -5.0500  1.740665e-03  6.698601e-05
   -4.9500  4.447772e-03  1.079482e-04
   -4.8500  7.953129e-03  1.396960e-04
   -4.7500  1.134102e-02  1.723943e-04
   -4.6500  1.462746e-02  1.904845e-04
   -4.5500  1.802069e-02  2.125773e-04
   -4.4500  2.124305e-02  2.344793e-04
   -4.3500  2.732768e-02  2.864049e-04
   -4.2500  4.386016e-02  6.721588e-04
   -4.1500  1.264900e-01  1.924386e-03
   -4.0500  3.979951e-01  3.844490e-03
   -3.9500  8.698640e-01  5.906052e-03
   -3.8500  1.351374e+00  6.757078e-03
   -3.7500  1.693068e+00  7.544997e-03
   -3.6500  1.811375e+00  7.971780e-03
   -3.5500  1.741093e+00  8.035636e-03
   -3.4500  1.579845e+00  7.264599e-03
   -3.3500  1.398090e+00  7.194477e-03
   -3.2500  1.205916e+00  6.712555e-03
   -3.1500  1.038248e+00  6.027811e-03
   -3.0500  8.865383e-01  5.667770e-03
   -2.9500  7.727609e-01  5.393331e-03
   -2.8500  6.779614e-01  4.944530e-03
   -2.7500  5.847319e-01  4.441152e-03
   -2.6500  5.185431e-01  4.310744e-03
   -2.5500  4.640787e-01  4.117473e-03
   -2.4500  4.144005e-01  3.844374e-03
   -2.3500  3.791384e-01  3.595560e-03
   -2.2500  3.515885e-01  3.468655e-03
   -2.1500  3.323766e-01  3.374424e-03
   -2.0500  3.172599e-01  3.304701e-03
   -1.9500  3.111647e-01  3.256056e-03
   -1.8500  3.087421e-01  3.213556e-03
   -1.7500  3.150729e-01  3.221465e-03
   -1.6500  3.350942e-01  3.502298e-03
   -1.5500  3.504154e-01  3.610646e-03
   -1.4500  3.885170e-01  3.805060e-03
   -1.3500  4.356427e-01  3.899241e-03
   -1.2500  5.179861e-01  4.314819e-03
   -1.1500  5.953457e-01  4.665856e-03
   -1.0500  6.799610e-01  5.028174e-03
   -0.9500  7.450830e-01  5.127367e-03
   -0.8500  7.919808e-01  5.205237e-03
   -0.7500  8.037663e-01  5.401961e-03
   -0.6500  8.099300e-01  5.380970e-03
   -0.5500  7.965818e-01  5.245904e-03
   -0.4500  7.566087e-01  5.213649e-03
   -0.3500  7.440583e-01  5.072886e-03
   -0.2500  7.087671e-01  5.048368e-03
   -0.1500  7.047809e-01  5.044581e-03
   -0.0500  6.815548e-01  4.860065e-03
    0.0500  6.786819e-01  4.882036e-03
    0.1500  6.977139e-01  4.908181e-03
    0.2500  7.190230e-01  5.138766e-03
    0.3500  7.298619e-01  5.089821e-03
    0.4500  7.621617e-01  5.218090e-03
    0.5500  7.864468e-01  5.472636e-03
    0.6500  8.024522e-01  5.299728e-03
    0.7500  8.165829e-01  5.477589e-03
    0.8500  7.921503e-01  5.326482e-03
    0.9500  7.439344e-01  5.268376e-03
    1.0500  6.786904e-01  5.036143e-03
    1.1500  6.010586e-01  4.904521e-03
    1.2500  5.063905e-01  4.347521e-03
    1.3500  4.346783e-01  3.997538e-03
    1.4500  3.916290e-01  3.730073e-03
    1.5500  3.461438e-01  3.492902e-03
    1.6500  3.276435e-01  3.370201e-03
    1.7500  3.146168e-01  3.336964e-03
    1.8500  3.072611e-01  3.376186e-03
    1.9500  3.125765e-01  3.279421e-03
    2.0500  3.205127e-01  3.396226e-03
    2.1500  3.330526e-01  3.423466e-03
    2.2500  3.571699e-01  3.545716e-03
    2.3500  3.902638e-01  3.801369e-03
    2.4500  4.183448e-01  3.853789e-03
    2.5500  4.594344e-01  4.049989e-03
    2.6500  5.248533e-01  4.312752e-03
    2.7500  5.957138e-01  4.672952e-03
    2.8500  6.781674e-01  5.000061e-03
    2.9500  7.640042e-01  5.154425e-03
    3.0500  8.928408e-01  5.792579e-03
    3.1500  1.043335e+00  5.932350e-03
    3.2500  1.222093e+00  6.624904e-03
    3.3500  1.394447e+00  7.234366e-03
    3.4500  1.594317e+00  7.547125e-03
    3.5500  1.748499e+00  7.849854e-03
    3.6500  1.804710e+00  7.971853e-03
    3.7500  1.694530e+00  7.657102e-03
    3.8500  1.358211e+00  7.014823e-03
    3.9500  8.414208e-01  5.699335e-03
    4.0500  3.810510e-01  3.870219e-03
    4.1500  1.239746e-01  1.892750e-03
    4.2500  4.239185e-02  6.530393e-04
    4.3500  2.709342e-02  2.783142e-04
    4.4500  2.111223e-02  2.280612e-04
    4.5500  1.753746e-02  2.159993e-04
    4.6500  1.451533e-02  1.914386e-04
    4.7500  1.140509e-02  1.738315e-04
    4.8500  7.718193e-03  1.456937e-04
    4.9500  4.196818e-03  1.069568e-04
    5.0500  1.676591e-03  6.705792e-05
    5.1500  3.657532e-04  3.154581e-05
    5.2500  3.203678e-05  9.220448e-06
    5.3500  0.000000e+00  0.000000e+00
    5.4500  0.000000e+00  0.000000e+00
    5.5500  0.000000e+00  0.000000e+00
    5.6500  0.000000e+00  0.000000e+00
    5.7500  0.000000e+00  0.000000e+00
    5.8500  0.000000e+00  0.000000e+00
    5.9500  0.000000e+00  0.000000e+00
    6.0500  0.000000e+00  0.000000e+00
    6.1500  0.000000e+00  0.000000e+00
    6.2500  0.000000e+00  0.000000e+00
    6.3500  0.000000e+00  0.000000e+00
    6.4500  0.000000e+00  0.000000e+00
    6.5500  0.000000e+00  0.000000e+00
    6.6500  0.000000e+00  0.000000e+00
    6.7500  0.000000e+00  0.000000e+00
    6.8500  0.000000e+00  0.000000e+00
    6.9500  0.000000e+00  0.000000e+00
    7.0500  0.000000e+00  0.000000e+00
    7.1500  0.000000e+00  0.000000e+00
    7.2500  0.000000e+00  0.000000e+00
    7.3500  0.000000e+00  0.000000e+00
    7.4500  0.000000e+00  0.000000e+00
    7.5500  0.000000e+00  0.000000e+00
    7.6500  0.000000e+00  0.000000e+00
    7.7500  0.000000e+00  0.000000e+00
    7.8500  0.000000e+00  0.000000e+00
    7.9500  0.000000e+00  0.000000e+00
